39.90732 , 116.45517
39.90729 , 116.45518
39.90725 , 116.45515
39.90722 , 116.45511
39.90722 , 116.45506
39.90725 , 116.45495
39.9076 , 116.45489
39.9077 , 116.45495
39.9076 , 116.45498
39.90767 , 116.45499
39.90771 , 116.4549
39.90758 , 116.45496
39.90753 , 116.45496
39.90758 , 116.45492
39.90766 , 116.45488
39.90763 , 116.45486
39.90754 , 116.45482
39.9075 , 116.4548
39.90742 , 116.45471
39.90736 , 116.45442
39.90733 , 116.45461
39.90733 , 116.45332
39.90743 , 116.45289
39.90743 , 116.45261
39.9074 , 116.4523
39.9074 , 116.45203
39.90733 , 116.45173
39.90732 , 116.45164
39.90731 , 116.45148
39.90727 , 116.4513
39.90726 , 116.45111
39.90722 , 116.45093
39.90724 , 116.45073
39.90724 , 116.45045
39.90726 , 116.45008
39.90729 , 116.4497
39.90733 , 116.44932
39.90736 , 116.4491
39.90747 , 116.4489
39.90754 , 116.44864
39.90755 , 116.44833
39.90759 , 116.44799
39.90742 , 116.44766
39.90736 , 116.44719
39.90736 , 116.44689
39.90735 , 116.44718
39.90738 , 116.4478
39.9074 , 116.44834
39.90746 , 116.44896
39.90773 , 116.44966
39.90816 , 116.45043
39.90876 , 116.45122
39.90932 , 116.4582
39.90987 , 116.45911
39.91052 , 116.46001
39.9111 , 116.46181
39.91144 , 116.4627
39.91153 , 116.46357
39.91152 , 116.46442
39.91153 , 116.46524
39.91165 , 116.46607
39.91194 , 116.4669
39.91243 , 116.46774
39.91303 , 116.46859
39.9137 , 116.46941
39.91448 , 116.47021
39.91585 , 116.47068
39.91598 , 116.4707
39.91591 , 116.47039
39.9159 , 116.4701
39.91589 , 116.46993
39.91588 , 116.46967
39.91588 , 116.46856
39.91597 , 116.46774
39.91629 , 116.46684
39.91669 , 116.46585
39.91709 , 116.46488
39.9174 , 116.46388
39.9177 , 116.46294
39.91774 , 116.46211
39.91769 , 116.46111
39.91774 , 116.45861
39.91776 , 116.45733
39.9179 , 116.45607
39.91775 , 116.45485
39.91778 , 116.45361
39.91752 , 116.45246
39.91706 , 116.45135
39.91702 , 116.45024
39.91712 , 116.4491
39.9173 , 116.44797
39.91743 , 116.44688
39.91747 , 116.4458
39.91748 , 116.44471
39.91773 , 116.44354
39.91764 , 116.44244
39.91702 , 116.44139
39.91659 , 116.4405
39.91649 , 116.43964
39.91829 , 116.43861
39.91827 , 116.43742
39.91798 , 116.43627
39.91744 , 116.43535
39.91675 , 116.43442
39.91615 , 116.43342
39.91472 , 116.43238
39.91453 , 116.43124
39.91345 , 116.42999
39.91193 , 116.42865
39.91186 , 116.4272
39.91128 , 116.42573
39.91095 , 116.42431
39.91098 , 116.42288
39.91106 , 116.42146
39.9108 , 116.42007
39.91063 , 116.41867
39.91035 , 116.41726
39.9101 , 116.4158
39.90986 , 116.41302
39.90977 , 116.41161
39.90964 , 116.41016
39.90941 , 116.40728
39.90914 , 116.40591
39.90913 , 116.40459
39.90902 , 116.40194
39.9088 , 116.40074
39.90801 , 116.39973
39.90758 , 116.3982
39.90742 , 116.39738
39.90804 , 116.39664
39.9081 , 116.39613
39.90808 , 116.39546
39.90808 , 116.39461
39.90808 , 116.394
39.90779 , 116.39407
39.90791 , 116.39436
39.90823 , 116.3945
39.90876 , 116.39453
39.90905 , 116.3945
39.90904 , 116.39465
39.90901 , 116.39481
39.90877 , 116.39484
39.90851 , 116.39492
39.90822 , 116.395
39.90806 , 116.39504
39.90808 , 116.39506
39.90779 , 116.39436
39.90754 , 116.39362
39.90746 , 116.39281
39.90734 , 116.39226
39.90697 , 116.39175
39.90667 , 116.39088
39.90644 , 116.39046
39.90613 , 116.39017
39.90591 , 116.38997
39.90565 , 116.38982
39.90532 , 116.38968
39.90504 , 116.38951
39.90479 , 116.38938
39.90464 , 116.38916
39.90331 , 116.38892
39.90337 , 116.38877
39.90355 , 116.38831
39.90378 , 116.38805
39.90547 , 116.38789
39.90543 , 116.38789
39.90534 , 116.38803
39.90541 , 116.38819
39.90537 , 116.38814
39.90534 , 116.38812
39.90538 , 116.38799
39.90539 , 116.3879
39.90539 , 116.38793
39.90531 , 116.38801
39.90538 , 116.38815
39.90538 , 116.38822
39.90537 , 116.38828
39.90531 , 116.38828
39.90527 , 116.38831
39.90521 , 116.38833
39.90524 , 116.38834
39.9053 , 116.38841
39.90531 , 116.38841
39.89774 , 116.38845
39.89743 , 116.3884
39.89731 , 116.38839
39.89736 , 116.38838
39.89742 , 116.3884
39.89752 , 116.38848
39.89764 , 116.38853
39.89768 , 116.38859
39.89769 , 116.38859
39.89767 , 116.38867
39.89774 , 116.38873
39.89784 , 116.38897
39.89779 , 116.38918
39.89776 , 116.38916
39.8979 , 116.38917
39.89803 , 116.38914
39.89799 , 116.38917
39.89796 , 116.38928
39.89771 , 116.38939
39.89767 , 116.38941
39.89769 , 116.38951
39.8977 , 116.38957
39.89771 , 116.38964
39.89772 , 116.39067
39.89771 , 116.39127
39.89771 , 116.33833
39.89773 , 116.39222
39.8977 , 116.3923
39.89775 , 116.39235
39.89773 , 116.39248
39.89785 , 116.39252
39.89796 , 116.39254
39.89774 , 116.39255
39.89771 , 116.39255
39.89784 , 116.39241
39.89782 , 116.39156
39.89783 , 116.39152
39.89773 , 116.39158
39.89763 , 116.39161
39.89755 , 116.39161
39.89757 , 116.39166
39.89746 , 116.39165
39.89744 , 116.39155
39.89761 , 116.39149
39.89763 , 116.39146
39.89761 , 116.39146
39.89767 , 116.39145
39.89759 , 116.39144
39.89715 , 116.39143
39.89603 , 116.39144
39.89526 , 116.39145
39.8947 , 116.39154
39.89404 , 116.39155
39.89331 , 116.39155
39.89208 , 116.39154
39.89145 , 116.39145
39.89069 , 116.39148
39.88998 , 116.39169
39.88929 , 116.39194
39.88856 , 116.39225
39.88775 , 116.39258
39.88688 , 116.39263
39.88599 , 116.39261
39.88506 , 116.39259
39.88414 , 116.39254
39.88324 , 116.3925
39.88244 , 116.39243
39.8816 , 116.39238
39.88078 , 116.39234
39.88009 , 116.39226
39.87931 , 116.39205
39.87852 , 116.39163
39.87774 , 116.39126
39.8751 , 116.39072
39.87413 , 116.39019
39.87312 , 116.38976
39.87209 , 116.3895
39.87104 , 116.38943
39.87003 , 116.3893
39.86917 , 116.38926
39.8684 , 116.38919
39.86758 , 116.38923
39.86677 , 116.38923
39.8659 , 116.38905
39.86539 , 116.38902
39.86508 , 116.38899
39.86486 , 116.38899
39.86464 , 116.38905
39.86444 , 116.38915
39.86418 , 116.3892
39.86411 , 116.38924
39.86404 , 116.38923
39.86387 , 116.38923
39.8637 , 116.38921
39.86356 , 116.38915
39.8634 , 116.38942
39.86317 , 116.38999
39.86288 , 116.39039
39.86261 , 116.39157
39.86231 , 116.39207
39.86213 , 116.3924
39.86195 , 116.3925
39.86172 , 116.39249
39.86153 , 116.39249
39.8613 , 116.3925
39.86105 , 116.3925
39.86099 , 116.39251
39.86132 , 116.39259
39.86166 , 116.39297
39.86161 , 116.39418
39.86121 , 116.39478
39.86072 , 116.39525
39.86017 , 116.39582
39.85959 , 116.41358
39.85896 , 116.4145
39.91963 , 116.44948
